0
0
0
0
0
0
0
0
0
0
0
0
0
0
0
0
0
0
0
0
0
0
0
1
1
1
1
1
1
1
3
3
5
6
6
6
6
7
8
12
15
16
18
19
20
21
21
23
25
31
33
35
36
39
47
47
48
48
50
51
54
55
59
63
67
69
75
77
79
80
83
85
86
86
87
90
91
91
94
94
95
95
95
95
96
96
97
99
99
99
100
101
101
102
103
103
103
103
103
103
103
103
104
104
104
106
106
106
107
107
107
107
107
107
107
107
107
107
107
107
107
107
107
107
107
107
107
108
110
112
113
113
113
113
114
115
117
118
119
119
120
120
120
120
120
120
122
123
125
128
128
133
136
139
140
141
144
145
145
149
153
154
154
155
155
157
157
158
160
160
161
163
165
166
166
166
168
168
169
170
171
173
175
175
177
180
183
184
186
187
191
194
195
197
198
201
203
206
208
211
218
224
227
230
236
238
244
244
248
253
255
257
261
266
269
272
272
275