1
3
3
5
6
7
7
9
10
10
11
12
12
12
14
19
19
32
38
49
57
65
81
105
128
206
254
315
382
442
495
586
657
713
790
867
963
1011
1079
1126
1182
1222
1282
1343
1407
1495
1534
1600
1650
1704
1741
1791
1814
1832
1871
1881
1908
1950
1981
2009
2016
2030
2039
2047
2062
2076
2085
2088
2096
2101
2112
2119
2125
2161
2176
2187
2196
2207
2213
2221
2222
2224
2226
2228
2232
2234
2237
2243
2243
2244
2244
2244
2244
2245
2245
2246
2246
2246
2246
2246
2247
2247
2247
2247
2247
2247
2249
2249
2249
2251
2252
2254
2255
2258
2269
2280
2299
2317
2336
2366
2388
2483
2539
2624
2691
2725
2777
2831
2912
3008
3094
3151
3220
3272
3325
3416
3532
3672
3722
3775
3827
3953
4039
4137
4253
4345
4370
4422
4530
4634
4715
4792
4857
4881
4923
4993
5071
5139
5224
5260
5294
5318
5376
5404
5466
5543
5604
5649
5740
5870
6050
6258
6420
6571
6656
6855
7074
7329
7594
7900
8175
8311
8530
8888
9192
9549
9861
10123
10269
10414
10725
11094
11428
11739
11964
12081
12285
12626
12917
13107
13368
13533
13598
13749