0
0
0
0
0
0
0
0
0
0
0
0
0
0
0
1
1
2
3
4
5
5
5
5
5
5
5
16
22
22
37
49
52
64
67
73
88
92
119
125
130
167
179
219
231
323
373
400
415
473
529
600
615
709
771
801
869
883
982
1034
1103
1166
1232
1288
1348
1421
1463
1489
1522
1560
1601
1641
1689
1726
1764
1784
1808
1834
1850
1869
1913
1936
1946
1967
1978
1978
2011
2023
2027
2035
2047
2051
2063
2072
2077
2088
2095
2105
2113
2121
2126
2128
2130
2130
2132
2133
2134
2134
2140
2140
2141
2142
2142
2142
2142
2142
2142
2145
2149
2150
2152
2152
2155
2155
2155
2155
2168
2183
2196
2210
2229
2277
2323
2377
2466
2486
2514
2558
2629
2729
2825
2929
3018
3101
3183
3278
3394
3555
3778
3866
3936
4034
4099